20
4
S 70 7 9 8 13 &
R 26 5 11 2 28 &
T 63 10 3 9 19 +
S 60 17 8 7 44 #
3
R 63 12 6 10 84 +
T 47 8 6 5 40 *
S 46 14 2 6 23 *
3
R 36 11 6 7 99 +
R 57 1 2 5 92 +
R 64 18 8 3 76 #
7
T 18 4 4 10 72 *
R 29 11 9 2 7 &
R 49 3 6 11 67 o
R 70 8 6 10 54 o
S 24 12 4 9 51 o
S 29 12 11 11 49 #
S 71 8 8 5 79 #
4
T 17 6 10 5 50 *
T 15 5 8 11 72 &
R 48 23 3 2 99 +
T 14 7 9 5 34 *
3
R 27 11 7 4 60 +
T 46 8 10 7 28 o
S 55 12 10 5 42 &
5
R 58 14 3 8 71 o
S 41 8 9 11 66 *
T 41 6 9 8 36 &
R 68 12 8 11 50 #
T 19 10 5 2 20 +
6
R 72 14 2 11 63 +
S 59 15 8 10 51 o
T 52 9 9 3 6 #
S 13 10 4 11 5 +
R 55 9 4 2 17 o
R 20 4 6 4 59 #
5
T 59 10 4 2 57 #
T 18 20 8 4 84 o
T 61 3 7 6 6 #
S 66 0 2 11 24 &
T 22 14 2 9 94 &
5
R 58 6 9 8 22 *
R 36 7 5 3 50 o
S 32 14 3 11 95 *
S 40 10 5 10 42 o
T 21 1 10 11 9 +
3
T 64 9 3 7 88 &
S 49 14 7 6 80 #
T 27 7 6 11 26 *
6
S 14 1 8 2 17 *
R 53 12 8 2 6 +
S 33 9 3 4 51 &
S 39 14 7 9 23 +
R 37 14 11 5 73 *
T 72 5 4 11 31 &
3
R 30 14 9 3 98 #
S 46 11 5 7 8 &
S 77 15 3 9 18 #
3
T 53 10 6 11 74 #
S 52 3 4 3 21 *
T 61 12 2 4 31 *
3
T 39 8 5 7 0 +
R 60 16 10 6 98 #
R 39 19 3 4 75 +
7
S 62 4 9 11 75 +
T 69 16 5 2 78 &
T 23 7 11 10 1 o
S 15 5 3 4 95 #
R 57 13 10 11 12 +
T 63 16 11 2 22 #
T 54 6 4 2 52 o
4
R 27 11 8 6 93 o
T 20 19 9 2 90 &
S 26 3 4 10 5 #
T 55 7 11 5 34 *
2
T 31 3 4 2 45 #
T 43 4 6 11 16 o
3
R 38 7 2 7 5 +
S 28 4 9 9 15 *
R 65 13 5 8 42 o
2
S 64 18 9 3 85 +
S 43 1 10 8 30 *
